Obs    stype growth grsign dnum awards meals fpc colgrad
1       H     46      1  637    Yes    19 757       30
2       E    130      1  637    Yes    39 757       24
3       E     84      1  637    Yes    39 757       18
4       E     41      1  637     No    23 757       18
5       E     69      1  637    Yes    43 757       22
6       E     41      1  637    Yes    36 757       19
7       E     66      1  637    Yes    17 757       34
8       E     18      1  637     No    43 757       33
9       E     49      1  637    Yes    48 757       19
10      M     66      1  637    Yes    28 757       24
11      M     50      1  637    Yes    37 757       24
12      H     29      1  437    Yes    84 757        6
13      E     47      1  437    Yes    96 757        3
14      M     78      1  437    Yes    98 757        1
15      E    131      1  437     No    98 757        4
16      M      3      1  778     No    97 757        5
17      E     90      1  778    Yes    97 757        3
18      E     24      1  197    Yes    61 757       10
19      M     -9      0  197     No    35 757       22
20      E     86      1  197    Yes    84 757        3
21      M     10      1  197     No    17 757       25
22      M      4      1  197     No    30 757       15
23      E     68      1  197    Yes    53 757       12
24      E     44      1  197    Yes    50 757       10
25      E     63      1  197    Yes    50 757       14
26      E     53      1  197    Yes     6 757       36
27      E     38      1  197    Yes     9 757       32
28      E     64      1  197    Yes    23 757       20
29      E     -7      0  197     No    23 757       22
30      E     26      1  197    Yes    15 757       22
31      E     53      1  406    Yes    87 757        8
32      E     59      1  406    Yes    78 757       10
33      H    -10      0  815     No    29 757       29
34      M    -10      0  815     No    46 757       22
35      E     19      1  815     No    55 757       23
36      E     15      1  815     No    52 757       17
37      H     60      1  178    Yes    72 757       10
38      E     68      1  178    Yes    85 757        4
39      E     56      1  178    Yes    81 757        7
40      M    -28      0  178     No    75 757        3
41      E     52      1  255    Yes    19 757       31
42      E     21      1  255    Yes    16 757       38
43      E     33      1  255    Yes    34 757       24
44      E      6      1  255     No    26 757       31
45      M     20      1  255    Yes    33 757       26
46      E     15      1  255    Yes     9 757       40
47      M     26      1  255    Yes    45 757       19
48      E     31      1  255    Yes    53 757       18
49      E     14      1  255    Yes    52 757       13
50      E     48      1  255    Yes    52 757       15
51      E     22      1  255    Yes    89 757        5
52      E      7      1  255     No    18 757       31
53      E     23      1  255    Yes    10 757       46
54      E     61      1  255    Yes    69 757        9
55      E     -1      0  255     No    66 757       11
56      M     20      1  255    Yes    10 757       47
57      H     18      1  568    Yes    21 757       39
58      H      9      1  568     No    33 757       23
59      H      0      1  568     No    21 757       34
60      H     30      1  568    Yes    25 757       32
61      E     61      1  568    Yes    68 757       11
62      E    -31      0  568     No    35 757       15
63      E      2      1  568     No    41 757       26
64      M     17      1  568     No    35 757       33
65      E     27      1  568    Yes    41 757       23
66      E     13      1  135    Yes    65 757        0
67      E      6      1  135     No    25 757        0
68      E     23      1  135    Yes    65 757        0
69      E    100      1  135    Yes    29 757        0
70      E     37      1  135    Yes    26 757        0
71      E     53      1  135    Yes    75 757        0
72      E      6      1  135     No    49 757        0
73      E     45      1  135    Yes    36 757        0
74      E     82      1  135    Yes    74 757      100
75      E     31      1  135    Yes    79 757        0
76      E     18      1  135     No    36 757        0
77      E     78      1  135    Yes    67 757        0
78      E     16      1  135     No    68 757        0
79      E     59      1  135    Yes    71 757        0
80      E     -5      0  135     No    54 757        0
81      E     30      1  135    Yes    51 757        0
82      E     83      1  135    Yes    71 757        0
83      E     18      1  135    Yes    44 757        0
84      E     18      1  135    Yes    67 757        0
85      E     13      1  135    Yes    12 757        0
86      E     11      1  135     No    47 757        0
87      E    -34      0  135     No    30 757        0
88      E     36      1  135    Yes    79 757        0
89      E     50      1  135    Yes    46 757      100
90      E     40      1  135    Yes    60 757        0
91      E     67      1  135    Yes    70 757        0
92      E     18      1  135    Yes    18 757        0
93      E     48      1  135    Yes    74 757        0
94      E      8      1  135    Yes    18 757        0
95      E     33      1  135    Yes    15 757       40
96      E     11      1  135    Yes    18 757        0
97      E     38      1  135     No    11 757        0
98      E     22      1  135    Yes     5 757        0
99      E     39      1  135    Yes    16 757        0
100     H      2      1  510     No    48 757       17
101     H     13      1  510     No    32 757       32
102     E     89      1  510    Yes    90 757        5
103     M      7      1  510     No    55 757       23
104     E    120      1  510    Yes    83 757        6
105     E     70      1  510    Yes    75 757       10
106     M     24      1  510    Yes    44 757       21
107     E     21      1  510     No    86 757        6
108     E     77      1  510    Yes    53 757       18
109     E     19      1  510     No    44 757       24
110     E     -2      0  510     No    49 757        9
111     E    108      1  510    Yes    52 757        7
112     E     17      1  510    Yes    48 757       26
113     E     71      1  510    Yes    58 757        5
114     E     34      1  510    Yes    71 757        9
115     E     79      1  510    Yes    67 757        3
116     E     46      1  510    Yes    58 757       15
117     E     35      1  510    Yes    42 757       27
118     E     30      1  510     No    26 757       27
119     M     41      1  510    Yes    45 757       28
120     E     77      1  510    Yes    51 757       14
121     H     22      1  716     No    40 757       20
122     H     35      1  716     No    42 757       17
123     H     31      1  716     No    36 757       17
124     E     36      1  716    Yes    80 757       16
125     E     69      1  716    Yes    90 757        0
126     E     63      1  716    Yes   100 757        3
127     E     83      1  716    Yes   100 757       13
128     E     26      1  716     No    78 757        3
129     E     25      1  716    Yes   100 757        4
130     E     12      1  716     No    91 757       20
131     E     86      1  716    Yes   100 757        0
132     E     47      1  716     No   100 757        9
133     E     90      1  716    Yes    84 757       18
134     E     50      1  716    Yes    80 757       15
135     E     20      1  716     No    68 757        7
136     E     41      1  716    Yes    84 757        5
137     E     11      1  716     No    71 757       19
138     E      0      1  716     No    89 757       35
139     E     -2      0  716     No    99 757       28
140     E     53      1  716    Yes    90 757       20
141     E     44      1  716    Yes    86 757       50
142     E     45      1  716    Yes    86 757        8
143     E     25      1  716    Yes    90 757       17
144     E     47      1  716    Yes    83 757       14
145     E     47      1  716    Yes    59 757       13
146     E     21      1  716     No   100 757       28
147     E     17      1  716    Yes    76 757        5
148     E    -11      0  716     No    80 757        7
149     M     34      1  716    Yes    65 757       12
150     M     29      1  716     No    58 757       24
151     M     33      1  716    Yes    58 757       22
152     M     29      1  716    Yes    53 757       20
153     E     20      1  716    Yes    46 757       18
154     E     24      1  716    Yes    29 757       31
155     E     39      1  716    Yes    37 757       42
156     E     94      1  716    Yes   100 757        0
157     E     58      1  716    Yes    58 757       48
158     E     10      1   61    Yes    35 757        0
159     E     30      1   61    Yes    18 757       15
160     E     40      1   61     No    36 757        0
161     M     -2      0   61     No    18 757       40
162     E     17      1   61    Yes    25 757       42
163     E     15      1   61    Yes    13 757       25
164     M     42      1   61    Yes    22 757        0
165     E     38      1   61    Yes    26 757       33
166     M     -5      0   61     No    17 757       50
167     E     29      1   61    Yes    30 757       50
168     E     17      1   61    Yes    26 757       33
169     E     31      1   61    Yes    19 757       30
170     E     65      1   61    Yes    23 757       45
171     E     49      1  413    Yes    76 757       10
172     H     35      1  448    Yes    24 757       39
173     E     32      1  448    Yes    46 757       19
174     E     97      1  448    Yes    31 757       30
175     E     52      1  448    Yes    18 757       41
176     E     23      1  448    Yes    15 757       36
177     E     30      1  448    Yes    41 757       17
178     E     51      1  448    Yes    18 757       31
179     M     30      1  448     No    33 757       28
180     E    100      1  448    Yes    47 757       18
181     M     62      1  448    Yes    23 757       38
182     E     73      1  448    Yes    29 757       32
183     E     48      1  448    Yes    26 757       31
