1      7     7  less    16    1  800    1     39    2
2      7     7  less    17    1  800    5     38    1
3      8    12  more    17    3  800    5     47    1
4      9    10  more    17    4  800    5     47    4
5      7     1  less    38    1  800    1     34    4
6      7    10  more    43    1  800    1     43    2
7      7     3  less    77    2  800    5     44    4
8      8    20  more    77    3  800    5     60    3
9      8    19  more    77    4  800    5     57    4
10     7     2  less    77    5  800    5     35    2
11     7     2  less   156    1  800    1     36    1
12     9    15  more   160    1  800    1     51    1
13     8    16  more   180    1  800    1     53    1
14     7     6  less   205    1  800    1     37    4
15     7     6  less   227    1  800    6     41    2
16     7     6  less   227    2  800    6     39    2
17     9    15  more   227    3  800    6     50    4
18     8    17  more   227    4  800    6     57    3
19     8    14  more   227    5  800    6     46    2
20     9     8  less   308    1  800    1     41    2
21     9     8  less   329    1  800    1     41    1
22     9     7  less   351    1  800    1     47    3
23     7     3  less   358    1  800    1     39    3
24     7    12  more   480    1  800    1     50    2
25     7     4  less   484    1  800    1     43    4
26     9    14  more   490    2  800    4     46    3
27     8    18  more   490    3  800    4     58    4
28     9     9  less   490    4  800    4     44    3
29     7     2  less   568    1  800    1     37    1
30     7     1  less   580    1  800    1     37    2
31     7     4  less   610    1  800    1     44    2
32     7    11  more   643    1  800    4     42    2
33     9     8  less   643    2  800    4     41    2
34     8    10  more   643    3  800    4     42    2
35     8    13  more   659    1  800    2     46    1
36     7     2  less   659    2  800    2     40    3
37     9     6  less   674    1  800    1     45    1
38     9    11  more   716    1  800    1     45    4
39     7     2  less   720    1  800    1     36    1
40     7     9  less   758    1  800    1     46    1
